=== Mapa inicial: ===
11111114111111111111
11111111111114111111
11111111111111111411
11111111111111111111
11111141111111111111
11111111211111141111
11111111411111111111
11111111111141111111
11111111111111111411
11111111111111111111
11111111141111111111
11111111111111114111
11111111111111111111
11114111111111111111
11111111111411111111
11111111111111411111
11111111111111111141
11111111111111111111
11111111111111111111
1111111111111111111A


=== Iteração 1 ===

Movimentação do Animal:
Posição do Animal: (18, 19)
11111114111111111111
11111111111114111111
11111111111111111411
11111111111111111111
11111141111111111111
11111111211111141111
11111111411111111111
11111111111141111111
11111111111111111411
11111111111111111111
11111111141111111111
11111111111111114111
11111111111111111111
11114111111111111111
11111111111411111111
11111111111111411111
11111111111111111141
11111111111111111111
1111111111111111111A
11111111111111111111

Propagação dos Fogos:
(5, 7) vira 2
(5, 9) vira 2
(4, 8) vira 2
11111114111111111111
11111111111114111111
11111111111111111411
11111111111111111111
11111141211111111111
11111112321111141111
11111111411111111111
11111111111141111111
11111111111111111411
11111111111111111111
11111111141111111111
11111111111111114111
11111111111111111111
11114111111111111111
11111111111411111111
11111111111111411111
11111111111111111141
11111111111111111111
1111111111111111111A
11111111111111111111


=== Iteração 2 ===

Movimentação do Animal:
Posição do Animal: (17, 19)
11111114111111111111
11111111111114111111
11111111111111111411
11111111111111111111
11111141211111111111
11111112321111141111
11111111411111111111
11111111111141111111
11111111111111111411
11111111111111111111
11111111141111111111
11111111111111114111
11111111111111111111
11114111111111111111
11111111111411111111
11111111111111411111
11111111111111111141
1111111111111111111A
11111111111111111111
11111111111111111111

Propagação dos Fogos:
(5, 6) vira 2
(4, 7) vira 2
(6, 7) vira 2
(5, 10) vira 2
(4, 9) vira 2
(6, 9) vira 2
(3, 8) vira 2
11111114111111111111
11111111111114111111
11111111111111111411
11111111211111111111
11111142321111111111
11111123332111141111
11111112421111111111
11111111111141111111
11111111111111111411
11111111111111111111
11111111141111111111
11111111111111114111
11111111111111111111
11114111111111111111
11111111111411111111
11111111111111411111
11111111111111111141
1111111111111111111A
11111111111111111111
11111111111111111111


=== Iteração 3 ===

Movimentação do Animal:
Posição do Animal: (16, 19)
11111114111111111111
11111111111114111111
11111111111111111411
11111111211111111111
11111142321111111111
11111123332111141111
11111112421111111111
11111111111141111111
11111111111111111411
11111111111111111111
11111111141111111111
11111111111111114111
11111111111111111111
11114111111111111111
11111111111411111111
11111111111111411111
1111111111111111114A
11111111111111111111
11111111111111111111
11111111111111111111

Propagação dos Fogos:
(5, 5) vira 2
(6, 6) vira 2
(3, 7) vira 2
(7, 7) vira 2
(5, 11) vira 2
(4, 10) vira 2
(6, 10) vira 2
(3, 9) vira 2
(7, 9) vira 2
(2, 8) vira 2
11111114111111111111
11111111111114111111
11111111211111111411
11111112321111111111
11111143332111111111
11111233333211141111
11111123432111111111
11111112121141111111
11111111111111111411
11111111111111111111
11111111141111111111
11111111111111114111
11111111111111111111
11114111111111111111
11111111111411111111
11111111111111411111
1111111111111111114A
11111111111111111111
11111111111111111111
11111111111111111111


=== Iteração 4 ===

Movimentação do Animal:
Posição do Animal: (16, 18)
11111114111111111111
11111111111114111111
11111111211111111411
11111112321111111111
11111143332111111111
11111233333211141111
11111123432111111111
11111112121141111111
11111111111111111411
11111111111111111111
11111111141111111111
11111111111111114111
11111111111111111111
11114111111111111111
11111111111411111111
11111111111111411111
111111111111111111A1
11111111111111111111
11111111111111111111
11111111111111111111

Propagação dos Fogos:
(5, 4) vira 2
(4, 5) vira 2
(6, 5) vira 2
(7, 6) vira 2
(3, 6) vira 2
(2, 7) vira 2
(7, 8) vira 2
(8, 7) vira 2
(5, 12) vira 2
(4, 11) vira 2
(6, 11) vira 2
(3, 10) vira 2
(7, 10) vira 2
(2, 9) vira 2
(8, 9) vira 2
(1, 8) vira 2
11111114111111111111
11111111211114111111
11111112321111111411
11111123332111111111
11111243333211111111
11112333333321141111
11111233433211111111
11111123232141111111
11111112121111111411
11111111111111111111
11111111141111111111
11111111111111114111
11111111111111111111
11114111111111111111
11111111111411111111
11111111111111411111
111111111111111111A1
11111111111111111111
11111111111111111111
11111111111111111111


=== Iteração 5 ===

Movimentação do Animal:
Posição do Animal: (15, 18)
11111114111111111111
11111111211114111111
11111112321111111411
11111123332111111111
11111243333211111111
11112333333321141111
11111233433211111111
11111123232141111111
11111112121111111411
11111111111111111111
11111111141111111111
11111111111111114111
11111111111111111111
11114111111111111111
11111111111411111111
111111111111114111A1
11111111111111111101
11111111111111111111
11111111111111111111
11111111111111111111

Propagação dos Fogos:
(5, 3) vira 2
(4, 4) vira 2
(6, 4) vira 2
(3, 5) vira 2
(7, 5) vira 2
(8, 6) vira 2
(2, 6) vira 2
(1, 7) vira 2
(8, 8) vira 2
(9, 7) vira 2
(5, 13) vira 2
(4, 12) vira 2
(6, 12) vira 2
(3, 11) vira 2
(7, 11) vira 2
(2, 10) vira 2
(8, 10) vira 2
(1, 9) vira 2
(9, 9) vira 2
(0, 8) vira 2
11111114211111111111
11111112321114111111
11111123332111111411
11111233333211111111
11112343333321111111
11123333333332141111
11112333433321111111
11111233333241111111
11111123232111111411
11111112121111111111
11111111141111111111
11111111111111114111
11111111111111111111
11114111111111111111
11111111111411111111
111111111111114111A1
11111111111111111101
11111111111111111111
11111111111111111111
11111111111111111111


=== Iteração 6 ===

Movimentação do Animal:
Posição do Animal: (14, 18)
11111114211111111111
11111112321114111111
11111123332111111411
11111233333211111111
11112343333321111111
11123333333332141111
11112333433321111111
11111233333241111111
11111123232111111411
11111112121111111111
11111111141111111111
11111111111111114111
11111111111111111111
11114111111111111111
111111111114111111A1
11111111111111411111
11111111111111111101
11111111111111111111
11111111111111111111
11111111111111111111

Propagação dos Fogos:
(5, 2) vira 2
(4, 3) vira 2
(6, 3) vira 2
(3, 4) vira 2
(7, 4) vira 2
(2, 5) vira 2
(8, 5) vira 2
(9, 6) vira 2
(1, 6) vira 2
(9, 8) vira 2
(10, 7) vira 2
(5, 14) vira 2
(4, 13) vira 2
(6, 13) vira 2
(3, 12) vira 2
(2, 11) vira 2
(8, 11) vira 2
(1, 10) vira 2
(9, 10) vira 2
(0, 9) vira 2
11111114321111111111
11111123332114111111
11111233333211111411
11112333333321111111
11123343333332111111
11233333333333241111
11123333433332111111
11112333333341111111
11111233333211111411
11111123232111111111
11111112141111111111
11111111111111114111
11111111111111111111
11114111111111111111
111111111114111111A1
11111111111111411111
11111111111111111101
11111111111111111111
11111111111111111111
11111111111111111111


=== Iteração 7 ===

Movimentação do Animal:
Posição do Animal: (13, 18)
11111114321111111111
11111123332114111111
11111233333211111411
11112333333321111111
11123343333332111111
11233333333333241111
11123333433332111111
11112333333341111111
11111233333211111411
11111123232111111111
11111112141111111111
11111111111111114111
11111111111111111111
111141111111111111A1
11111111111411111111
11111111111111411111
11111111111111111101
11111111111111111111
11111111111111111111
11111111111111111111

Propagação dos Fogos:
(5, 1) vira 2
(4, 2) vira 2
(6, 2) vira 2
(3, 3) vira 2
(7, 3) vira 2
(2, 4) vira 2
(8, 4) vira 2
(1, 5) vira 2
(9, 5) vira 2
(10, 6) vira 2
(0, 6) vira 2
(10, 8) vira 2
(11, 7) vira 2
(4, 14) vira 2
(6, 14) vira 2
(3, 13) vira 2
(7, 13) vira 2
(2, 12) vira 2
(1, 11) vira 2
(8, 12) vira 2
(9, 11) vira 2
(0, 10) vira 2
(10, 10) vira 2
11111124332111111111
11111233333214111111
11112333333321111411
11123333333332111111
11233343333333211111
12333333333333341111
11233333433333211111
11123333333342111111
11112333333321111411
11111233333211111111
11111123242111111111
11111112111111114111
11111111111111111111
111141111111111111A1
11111111111411111111
11111111111111411111
11111111111111111101
11111111111111111111
11111111111111111111
11111111111111111111


=== Iteração 8 ===

Movimentação do Animal:
Posição do Animal: (12, 18)
11111124332111111111
11111233333214111111
11112333333321111411
11123333333332111111
11233343333333211111
12333333333333341111
11233333433333211111
11123333333342111111
11112333333321111411
11111233333211111111
11111123242111111111
11111112111111114111
111111111111111111A1
11114111111111111111
11111111111411111111
11111111111111411111
11111111111111111101
11111111111111111111
11111111111111111111
11111111111111111111

Propagação dos Fogos:
(5, 0) vira 2
(4, 1) vira 2
(6, 1) vira 2
(3, 2) vira 2
(7, 2) vira 2
(2, 3) vira 2
(8, 3) vira 2
(1, 4) vira 2
(9, 4) vira 2
(0, 5) vira 2
(10, 5) vira 2
(11, 6) vira 2
(11, 8) vira 2
(12, 7) vira 2
(4, 15) vira 2
(3, 14) vira 2
(6, 15) vira 2
(7, 14) vira 2
(2, 13) vira 2
(8, 13) vira 2
(1, 12) vira 2
(0, 11) vira 2
(9, 12) vira 2
(10, 11) vira 2
(11, 10) vira 2
11111234333211111111
11112333333324111111
11123333333332111411
11233333333333211111
12333343333333321111
23333333333333341111
12333333433333321111
11233333333343211111
11123333333332111411
11112333333321111111
11111233343211111111
11111123212111114111
111111121111111111A1
11114111111111111111
11111111111411111111
11111111111111411111
11111111111111111101
11111111111111111111
11111111111111111111
11111111111111111111


=== Iteração 9 ===

Movimentação do Animal:
Posição do Animal: (11, 18)
11111234333211111111
11112333333324111111
11123333333332111411
11233333333333211111
12333343333333321111
23333333333333341111
12333333433333321111
11233333333343211111
11123333333332111411
11112333333321111111
11111233343211111111
111111232121111141A1
11111112111111111111
11114111111111111111
11111111111411111111
11111111111111411111
11111111111111111101
11111111111111111111
11111111111111111111
11111111111111111111

Propagação dos Fogos:
(4, 0) vira 2
(6, 0) vira 2
(3, 1) vira 2
(7, 1) vira 2
(2, 2) vira 2
(8, 2) vira 2
(1, 3) vira 2
(9, 3) vira 2
(0, 4) vira 2
(10, 4) vira 2
(11, 5) vira 2
(12, 6) vira 2
(11, 9) vira 2
(12, 8) vira 2
(13, 7) vira 2
(4, 16) vira 2
(3, 15) vira 2
(2, 14) vira 2
(6, 16) vira 2
(7, 15) vira 2
(8, 14) vira 2
(9, 13) vira 2
(0, 12) vira 2
(10, 12) vira 2
(11, 11) vira 2
(12, 10) vira 2
11112334333321111111
11123333333334111111
11233333333333211411
12333333333333321111
23333343333333332111
33333333333333341111
23333333433333332111
12333333333343321111
11233333333333211411
11123333333332111111
11112333343321111111
111112333232111141A1
11111123212111111111
11114112111111111111
11111111111411111111
11111111111111411111
11111111111111111101
11111111111111111111
11111111111111111111
11111111111111111111


=== Iteração 10 ===

Movimentação do Animal:
Posição do Animal: (10, 18)
11112334333321111111
11123333333334111111
11233333333333211411
12333333333333321111
23333343333333332111
33333333333333341111
23333333433333332111
12333333333343321111
11233333333333211411
11123333333332111111
111123333433211111A1
11111233323211114111
11111123212111111111
11114112111111111111
11111111111411111111
11111111111111411111
11111111111111111101
11111111111111111111
11111111111111111111
11111111111111111111

Propagação dos Fogos:
(3, 0) vira 2
(7, 0) vira 2
(2, 1) vira 2
(8, 1) vira 2
(1, 2) vira 2
(9, 2) vira 2
(0, 3) vira 2
(10, 3) vira 2
(11, 4) vira 2
(12, 5) vira 2
(13, 6) vira 2
(12, 9) vira 2
(13, 8) vira 2
(14, 7) vira 2
(4, 17) vira 2
(3, 16) vira 2
(5, 16) vira 2
(2, 15) vira 2
(1, 14) vira 2
(6, 17) vira 2
(7, 16) vira 2
(8, 15) vira 2
(9, 14) vira 2
(10, 13) vira 2
(0, 13) vira 2
(11, 12) vira 2
(12, 11) vira 2
(13, 10) vira 2
11123334333332111111
11233333333334211111
12333333333333321411
23333333333333332111
33333343333333333211
33333333333333342111
33333333433333333211
23333333333343332111
12333333333333321411
11233333333333211111
111233333433321111A1
11112333333321114111
11111233323211111111
11114123212111111111
11111112111411111111
11111111111111411111
11111111111111111101
11111111111111111111
11111111111111111111
11111111111111111111


=== Iteração 11 ===

Movimentação do Animal:
Posição do Animal: (9, 18)
11123334333332111111
11233333333334211111
12333333333333321411
23333333333333332111
33333343333333333211
33333333333333342111
33333333433333333211
23333333333343332111
12333333333333321411
112333333333332111A1
11123333343332111111
11112333333321114111
11111233323211111111
11114123212111111111
11111112111411111111
11111111111111411111
11111111111111111101
11111111111111111111
11111111111111111111
11111111111111111111

Propagação dos Fogos:
(2, 0) vira 2
(8, 0) vira 2
(1, 1) vira 2
(9, 1) vira 2
(0, 2) vira 2
(10, 2) vira 2
(11, 3) vira 2
(12, 4) vira 2
(13, 5) vira 2
(14, 6) vira 2
(13, 9) vira 2
(14, 8) vira 2
(15, 7) vira 2
(4, 18) vira 2
(3, 17) vira 2
(5, 17) vira 2
(2, 16) vira 2
(1, 15) vira 2
(0, 14) vira 2
(6, 18) vira 2
(7, 17) vira 2
(8, 16) vira 2
(9, 15) vira 2
(10, 14) vira 2
(11, 13) vira 2
(12, 12) vira 2
(13, 11) vira 2
(14, 10) vira 2
11233334333333211111
12333333333334321111
23333333333333332411
33333333333333333211
33333343333333333321
33333333333333343211
33333333433333333321
33333333333343333211
23333333333333332411
123333333333333211A1
11233333343333211111
11123333333332114111
11112333333321111111
11114233323211111111
11111123212411111111
11111112111111411111
11111111111111111101
11111111111111111111
11111111111111111111
11111111111111111111


=== Iteração 12 ===

Movimentação do Animal:
Posição do Animal: (8, 18)
11233334333333211111
12333333333334321111
23333333333333332411
33333333333333333211
33333343333333333321
33333333333333343211
33333333433333333321
33333333333343333211
233333333333333324A1
12333333333333321111
11233333343333211111
11123333333332114111
11112333333321111111
11114233323211111111
11111123212411111111
11111112111111411111
11111111111111111101
11111111111111111111
11111111111111111111
11111111111111111111

Propagação dos Fogos:
(1, 0) vira 2
(9, 0) vira 2
(0, 1) vira 2
(10, 1) vira 2
(11, 2) vira 2
(12, 3) vira 2
(14, 5) vira 2
(15, 6) vira 2
(14, 9) vira 2
(15, 8) vira 2
(16, 7) vira 2
(4, 19) vira 2
(3, 18) vira 2
(5, 18) vira 2
(1, 16) vira 2
(0, 15) vira 2
(6, 19) vira 2
(7, 18) vira 2
(9, 16) vira 2
(10, 15) vira 2
(11, 14) vira 2
(12, 13) vira 2
(13, 12) vira 2
(15, 10) vira 2
12333334333333321111
23333333333334332111
33333333333333333411
33333333333333333321
33333343333333333332
33333333333333343321
33333333433333333332
33333333333343333321
333333333333333334A1
23333333333333332111
12333333343333321111
11233333333333214111
11123333333332111111
11114333333321111111
11111233323411111111
11111123212111411111
11111112111111111101
11111111111111111111
11111111111111111111
11111111111111111111


=== Iteração 13 ===

Movimentação do Animal:
Posição do Animal: (8, 17)
12333334333333321111
23333333333334332111
33333333333333333411
33333333333333333321
33333343333333333332
33333333333333343321
33333333433333333332
33333333333343333121
33333333333333331A11
23333333333333332111
12333333343333321111
11233333333333214111
11123333333332111111
11114333333321111111
11111233323411111111
11111123212111411111
11111112111111111101
11111111111111111111
11111111111111111111
11111111111111111111

Propagação dos Fogos:
(0, 0) vira 2
(10, 0) vira 2
(11, 1) vira 2
(12, 2) vira 2
(13, 3) vira 2
(14, 4) vira 2
(15, 5) vira 2
(16, 6) vira 2
(15, 9) vira 2
(16, 8) vira 2
(17, 7) vira 2
(3, 19) vira 2
(5, 19) vira 2
(2, 18) vira 2
(1, 17) vira 2
(0, 16) vira 2
(7, 19) vira 2
(7, 17) vira 2
(8, 18) vira 2
(9, 17) vira 2
(8, 16) vira 2
(10, 16) vira 2
(11, 15) vira 2
(12, 14) vira 2
(13, 13) vira 2
(14, 12) vira 2
(15, 11) vira 2
(16, 10) vira 2
23333334333333332111
33333333333334333211
33333333333333333421
33333333333333333332
33333343333333333333
33333333333333343332
33333333433333333333
33333333333343333232
33333333333333332A21
33333333333333333211
23333333343333332111
12333333333333324111
11233333333333211111
11124333333332111111
11112333333421111111
11111233323211411111
11111123212111111101
11111112111111111111
11111111111111111111
11111111111111111111


=== Iteração 14 ===
💀 Animal cercado por fogo! Morreu.

Propagação dos Fogos:
(11, 0) vira 2
(12, 1) vira 2
(13, 2) vira 2
(14, 3) vira 2
(15, 4) vira 2
(16, 5) vira 2
(17, 6) vira 2
(16, 9) vira 2
(17, 8) vira 2
(18, 7) vira 2
(2, 19) vira 2
(1, 18) vira 2
(0, 17) vira 2
(8, 19) vira 2
(9, 18) vira 2
(10, 17) vira 2
(12, 15) vira 2
(13, 14) vira 2
(14, 13) vira 2
(15, 12) vira 2
(16, 11) vira 2
(17, 10) vira 2
33333334333333333211
33333333333334333321
33333333333333333432
33333333333333333333
33333343333333333333
33333333333333343333
33333333433333333333
33333333333343333333
33333333333333333D32
33333333333333333321
33333333343333333211
23333333333333334111
12333333333333321111
11234333333333211111
11123333333432111111
11112333333321411111
11111233323211111101
11111123212111111111
11111112111111111111
11111111111111111111


=== Iteração 15 ===

Propagação dos Fogos:
(12, 0) vira 2
(13, 1) vira 2
(14, 2) vira 2
(15, 3) vira 2
(16, 4) vira 2
(17, 5) vira 2
(18, 6) vira 2
(17, 9) vira 2
(18, 8) vira 2
(19, 7) vira 2
(1, 19) vira 2
(0, 18) vira 2
(9, 19) vira 2
(10, 18) vira 2
(11, 17) vira 2
(12, 16) vira 2
(13, 15) vira 2
(14, 14) vira 2
(15, 13) vira 2
(16, 12) vira 2
(17, 11) vira 2
(18, 10) vira 2
33333334333333333321
33333333333334333332
33333333333333333433
33333333333333333333
33333343333333333333
33333333333333343333
33333333433333333333
33333333333343333333
33333333333333333D33
33333333333333333332
33333333343333333321
33333333333333334211
23333333333333332111
12334333333333321111
11233333333433211111
11123333333332411111
11112333333321111101
11111233323211111111
11111123212111111111
11111112111111111111


=== Iteração 16 ===

Propagação dos Fogos:
(13, 0) vira 2
(14, 1) vira 2
(15, 2) vira 2
(16, 3) vira 2
(17, 4) vira 2
(18, 5) vira 2
(19, 6) vira 2
(18, 9) vira 2
(19, 8) vira 2
(0, 19) vira 2
(10, 19) vira 2
(11, 18) vira 2
(12, 17) vira 2
(13, 16) vira 2
(14, 15) vira 2
(16, 13) vira 2
(17, 12) vira 2
(18, 11) vira 2
(19, 10) vira 2
33333334333333333332
33333333333334333333
33333333333333333433
33333333333333333333
33333343333333333333
33333333333333343333
33333333433333333333
33333333333343333333
33333333333333333D33
33333333333333333333
33333333343333333332
33333333333333334321
33333333333333333211
23334333333333332111
12333333333433321111
11233333333333411111
11123333333332111101
11112333333321111111
11111233323211111111
11111123212111111111


=== Iteração 17 ===

Propagação dos Fogos:
(14, 0) vira 2
(15, 1) vira 2
(16, 2) vira 2
(17, 3) vira 2
(18, 4) vira 2
(19, 5) vira 2
(19, 9) vira 2
(11, 19) vira 2
(12, 18) vira 2
(13, 17) vira 2
(14, 16) vira 2
(15, 15) vira 2
(16, 14) vira 2
(17, 13) vira 2
(18, 12) vira 2
(19, 11) vira 2
33333334333333333333
33333333333334333333
33333333333333333433
33333333333333333333
33333343333333333333
33333333333333343333
33333333433333333333
33333333333343333333
33333333333333333D33
33333333333333333333
33333333343333333333
33333333333333334332
33333333333333333321
33334333333333333211
23333333333433332111
12333333333333421111
11233333333333211101
11123333333332111111
11112333333321111111
11111233323211111111


=== Iteração 18 ===

Propagação dos Fogos:
(15, 0) vira 2
(16, 1) vira 2
(17, 2) vira 2
(18, 3) vira 2
(19, 4) vira 2
(12, 19) vira 2
(13, 18) vira 2
(14, 17) vira 2
(15, 16) vira 2
(16, 15) vira 2
(17, 14) vira 2
(18, 13) vira 2
(19, 12) vira 2
33333334333333333333
33333333333334333333
33333333333333333433
33333333333333333333
33333343333333333333
33333333333333343333
33333333433333333333
33333333333343333333
33333333333333333D33
33333333333333333333
33333333343333333333
33333333333333334333
33333333333333333332
33334333333333333321
33333333333433333211
23333333333333432111
12333333333333321101
11233333333333211111
11123333333332111111
11112333333321111111


=== Iteração 19 ===

Propagação dos Fogos:
(16, 0) vira 2
(17, 1) vira 2
(18, 2) vira 2
(19, 3) vira 2
(13, 19) vira 2
(14, 18) vira 2
(15, 17) vira 2
(16, 16) vira 2
(17, 15) vira 2
(18, 14) vira 2
(19, 13) vira 2
33333334333333333333
33333333333334333333
33333333333333333433
33333333333333333333
33333343333333333333
33333333333333343333
33333333433333333333
33333333333343333333
33333333333333333D33
33333333333333333333
33333333343333333333
33333333333333334333
33333333333333333333
33334333333333333332
33333333333433333321
33333333333333433211
23333333333333332101
12333333333333321111
11233333333333211111
11123333333332111111


=== Iteração 20 ===

Propagação dos Fogos:
(17, 0) vira 2
(18, 1) vira 2
(19, 2) vira 2
(14, 19) vira 2
(15, 18) vira 2
(16, 17) vira 2
(17, 16) vira 2
(18, 15) vira 2
(19, 14) vira 2
33333334333333333333
33333333333334333333
33333333333333333433
33333333333333333333
33333343333333333333
33333333333333343333
33333333433333333333
33333333333343333333
33333333333333333D33
33333333333333333333
33333333343333333333
33333333333333334333
33333333333333333333
33334333333333333333
33333333333433333332
33333333333333433321
33333333333333333201
23333333333333332111
12333333333333321111
11233333333333211111


=== Iteração 21 ===

Propagação dos Fogos:
(18, 0) vira 2
(19, 1) vira 2
(15, 19) vira 2
(17, 17) vira 2
(18, 16) vira 2
(19, 15) vira 2
33333334333333333333
33333333333334333333
33333333333333333433
33333333333333333333
33333343333333333333
33333333333333343333
33333333433333333333
33333333333343333333
33333333333333333D33
33333333333333333333
33333333343333333333
33333333333333334333
33333333333333333333
33334333333333333333
33333333333433333333
33333333333333433332
33333333333333333301
33333333333333333211
23333333333333332111
12333333333333321111


=== Iteração 22 ===

Propagação dos Fogos:
(19, 0) vira 2
(16, 19) vira 2
(17, 18) vira 2
(18, 17) vira 2
(19, 16) vira 2
33333334333333333333
33333333333334333333
33333333333333333433
33333333333333333333
33333343333333333333
33333333333333343333
33333333433333333333
33333333333343333333
33333333333333333D33
33333333333333333333
33333333343333333333
33333333333333334333
33333333333333333333
33334333333333333333
33333333333433333333
33333333333333433333
33333333333333333302
33333333333333333321
33333333333333333211
23333333333333332111


=== Iteração 23 ===

Propagação dos Fogos:
(17, 19) vira 2
(18, 18) vira 2
(19, 17) vira 2
33333334333333333333
33333333333334333333
33333333333333333433
33333333333333333333
33333343333333333333
33333333333333343333
33333333433333333333
33333333333343333333
33333333333333333D33
33333333333333333333
33333333343333333333
33333333333333334333
33333333333333333333
33334333333333333333
33333333333433333333
33333333333333433333
33333333333333333303
33333333333333333332
33333333333333333321
33333333333333333211


=== Iteração 24 ===

Propagação dos Fogos:
(18, 19) vira 2
(19, 18) vira 2
33333334333333333333
33333333333334333333
33333333333333333433
33333333333333333333
33333343333333333333
33333333333333343333
33333333433333333333
33333333333343333333
33333333333333333D33
33333333333333333333
33333333343333333333
33333333333333334333
33333333333333333333
33334333333333333333
33333333333433333333
33333333333333433333
33333333333333333303
33333333333333333333
33333333333333333332
33333333333333333321


=== Iteração 25 ===

Propagação dos Fogos:
(19, 19) vira 2
33333334333333333333
33333333333334333333
33333333333333333433
33333333333333333333
33333343333333333333
33333333333333343333
33333333433333333333
33333333333343333333
33333333333333333D33
33333333333333333333
33333333343333333333
33333333333333334333
33333333333333333333
33334333333333333333
33333333333433333333
33333333333333433333
33333333333333333303
33333333333333333333
33333333333333333333
33333333333333333332


=== Iteração 26 ===

Propagação dos Fogos:
33333334333333333333
33333333333334333333
33333333333333333433
33333333333333333333
33333343333333333333
33333333333333343333
33333333433333333333
33333333333343333333
33333333333333333D33
33333333333333333333
33333333343333333333
33333333333333334333
33333333333333333333
33334333333333333333
33333333333433333333
33333333333333433333
33333333333333333303
33333333333333333333
33333333333333333333
33333333333333333333

🔥 Fogo extinto. Encerrando simulação.
🦌 Passos do animal: 13
Caminho do animal: 
(18, 19) (17, 19) (16, 19) (16, 18) (15, 18) (14, 18) (13, 18) (12, 18) (11, 18) (10, 18) (9, 18) (8, 18) (8, 17) 
Estado do animal: Morto
